184
180
184
184
186
184
190
184
188
186
190
190
196
192
192
192
196
194
196
198
196
198
200
196
198
198
206
200
202
198
202
202
200
204
202
202
206
204
206
202
202
206
204
208
206
208
206
206
204
206
204
208
202
206
206
206
200
204
202
204
208
204
204
210
206
204
204
208
208
202
200
204
204
206
208
202
204
202
204
202
204
204
200
202
200
206
200
206
206
202
204
202
200
208
204
206
206
204
206
204
204
204
204
214
4
56
82
92
94
74
36
0
218
196
172
168
166
138
122
116
108
72
70
70
46
28
18
22
48
72
76
92
108
124
154
184
198
208
220
248
20
42
68
82
92
102
102
102
102
106
108
102
108
110
100
94
92
84
80
68
66
68
74
68
56
48
40
26
30
38
26
14
6
0
2
8
254
238
220
210
206
202
196
190
184
180
170
162
158
162
160
160
160
166
162
152
146
138
136
134
136
130
122
116
116
118
110
108
110
112
118
116
106
106
108
110
120
124
130
142
142
146
144
136
134
126
128
124
126
132
154
172
222
34
92
114
100
72
32
12
34
76
140
176
174
158
158
164
170
204
220
216
218
202
176
146
184
182
182
186
186
186
186
188
192
190
190
190
196
194
192
194
194
198
198
200
196
196
200
198
198
200
202
200
202
200
202
202
202
204
204
208
202
204
202
200
204
204
204
210
206
208
206
206
206
208
208
208
206
206
208
208
204
204
208
206
204
208
206
208
208
202
202
206
206
210
204
204
204
208
208
204
206
208
208
202
202
202
204
202
200
204
204
204
200
202
200
202
208
208
206
204
202
208
202
204
208
204
208
228
14
54
84
100
106
80
36
248
220
198
156
124
124
104
92
104
116
102
92
98
80
64
62
70
84
112
120
130
144
136
146
186
202
212
236
12
26
42
54
68
82
84
88
92
94
100
104
106
108
106
94
86
80
76
70
66
66
64
60
60
60
46
28
16
16
14
8
6
254
250
250
242
220
202
188
184
184
184
180
180
166
164
160
160
154
152
152
148
148
152
152
152
146
140
138
142
144
140
134
126
124
124
120
118
118
122
124
120
112
112
110
112
112
116
126
134
136
128
118
124
124
128
130
122
118
128
188
244
28
44
58
62
40
26
14
